Sensor	px_state	py_state	vx_state	vy_state	NIS_value	RMSE[0]	RMSE[1]	RMSE[2]	RMSE[3]
  L		0.312		0.580		0.540		0.841		0.000		0.041	0.003	0.466	0.084
  R		0.767		0.786		1.962		3.438		24.739		0.042	0.026	0.565	0.354
  L		1.029		0.669		3.522		1.778		5.836		0.044	0.028	0.587	0.394
  R		1.292		0.549		4.141		-0.360		4.371		0.045	0.029	0.594	0.394
  L		1.547		0.580		4.174		0.026		0.957		0.047	0.029	0.600	0.392
  R		1.784		0.572		4.912		0.683		5.695		0.049	0.029	0.597	0.395
  L		2.070		0.622		4.932		0.880		0.910		0.050	0.028	0.595	0.402
  R		2.296		0.654		4.935		1.070		1.474		0.053	0.029	0.592	0.413
  L		2.567		0.700		4.944		1.181		0.526		0.054	0.031	0.590	0.426
  R		2.845		0.687		5.086		0.912		1.170		0.055	0.033	0.587	0.432
  L		3.081		0.711		5.050		0.949		0.588		0.057	0.035	0.584	0.438
  R		3.379		0.608		5.181		0.107		4.545		0.058	0.035	0.581	0.436
  L		3.690		0.515		5.214		-0.541		5.063		0.057	0.038	0.578	0.439
  R		3.968		0.580		5.385		-0.027		2.204		0.057	0.038	0.576	0.437
  L		4.249		0.577		5.407		-0.036		0.198		0.056	0.039	0.573	0.436
  R		4.506		0.614		5.290		0.168		0.725		0.056	0.039	0.571	0.433
  L		4.690		0.733		5.079		0.751		8.327		0.056	0.040	0.568	0.434
  R		4.943		0.727		4.977		0.628		1.811		0.056	0.040	0.565	0.433
  L		5.249		0.712		5.090		0.479		4.251		0.056	0.040	0.563	0.432
  R		5.511		0.718		5.240		0.458		1.700		0.055	0.039	0.560	0.430
  L		5.815		0.724		5.316		0.417		2.327		0.055	0.039	0.557	0.427
  R		6.058		0.646		5.118		0.076		4.276		0.054	0.041	0.555	0.427
  L		6.312		0.757		5.105		0.454		2.584		0.054	0.041	0.552	0.425
  R		6.562		0.791		5.049		0.519		0.156		0.053	0.040	0.549	0.422
  L		6.810		0.782		5.047		0.440		0.354		0.053	0.040	0.546	0.420
  R		7.052		0.767		4.870		0.341		2.187		0.052	0.042	0.544	0.419
  L		7.266		0.846		4.808		0.535		1.756		0.053	0.041	0.542	0.417
  R		7.566		0.860		5.149		0.550		5.470		0.052	0.041	0.540	0.415
  L		7.823		0.833		5.152		0.422		0.867		0.052	0.044	0.537	0.414
  R		8.071		0.852		4.969		0.423		2.258		0.051	0.047	0.534	0.413
  L		8.308		0.864		4.948		0.417		0.224		0.051	0.051	0.532	0.413
  R		8.582		0.955		5.226		0.632		5.986		0.051	0.053	0.530	0.412
  L		8.826		1.008		5.189		0.712		0.451		0.050	0.054	0.527	0.410
  R		9.118		1.049		5.233		0.752		6.837		0.050	0.056	0.525	0.409
  L		9.360		1.078		5.195		0.759		0.618		0.049	0.058	0.522	0.408
  R		9.641		1.151		5.243		0.871		4.177		0.049	0.059	0.520	0.406
  L		9.922		1.270		5.261		1.073		2.773		0.049	0.059	0.518	0.404
  R		10.168		1.353		5.005		1.132		4.805		0.050	0.058	0.516	0.402
  L		10.389		1.428		4.942		1.205		1.114		0.049	0.058	0.513	0.400
  R		10.619		1.501		4.711		1.225		2.768		0.049	0.057	0.511	0.398
  L		10.836		1.533		4.669		1.208		0.969		0.048	0.057	0.509	0.397
  R		11.106		1.586		4.852		1.269		2.506		0.048	0.057	0.507	0.395
  L		11.388		1.637		4.912		1.288		2.150		0.048	0.057	0.504	0.394
  R		11.617		1.691		4.814		1.290		0.614		0.048	0.058	0.502	0.393
  L		11.845		1.755		4.781		1.324		0.236		0.047	0.060	0.499	0.393
  R		12.105		1.843		4.940		1.438		1.499		0.047	0.061	0.497	0.392
  L		12.349		1.880		4.925		1.412		0.603		0.047	0.065	0.495	0.392
  R		12.606		1.946		5.026		1.465		0.595		0.047	0.070	0.493	0.392
  L		12.812		2.066		4.932		1.581		3.326		0.047	0.073	0.491	0.392
  R		13.083		2.173		5.080		1.711		2.575		0.048	0.076	0.491	0.391
  L		13.293		2.304		4.986		1.828		2.952		0.048	0.077	0.490	0.390
  R		13.471		2.420		4.596		1.816		11.650		0.048	0.078	0.487	0.390
  L		13.720		2.540		4.612		1.916		1.126		0.047	0.079	0.485	0.389
  R		13.942		2.640		4.554		1.957		0.205		0.047	0.080	0.483	0.389
  L		14.173		2.792		4.538		2.098		1.424		0.047	0.080	0.480	0.388
  R		14.426		2.904		4.696		2.222		1.049		0.047	0.081	0.479	0.386
  L		14.629		2.990		4.619		2.220		1.881		0.047	0.082	0.477	0.386
  R		14.866		3.135		4.673		2.361		3.797		0.047	0.083	0.477	0.385
  L		15.082		3.323		4.614		2.533		2.239		0.048	0.083	0.476	0.383
  R		15.297		3.467		4.424		2.549		3.335		0.049	0.083	0.474	0.382
  L		15.514		3.658		4.383		2.716		1.774		0.050	0.082	0.472	0.380
  R		15.726		3.782		4.309		2.732		0.706		0.051	0.081	0.470	0.379
  L		15.945		3.941		4.279		2.829		0.269		0.053	0.080	0.469	0.377
  R		16.144		4.080		4.081		2.793		1.564		0.054	0.080	0.467	0.376
  L		16.340		4.281		4.029		2.955		1.637		0.056	0.079	0.465	0.375
  R		16.554		4.436		4.037		3.046		0.564		0.058	0.078	0.463	0.373
  L		16.729		4.615		3.947		3.142		1.055		0.060	0.077	0.461	0.372
  R		16.890		4.765		3.621		3.013		3.557		0.061	0.077	0.459	0.371
  L		17.052		4.998		3.544		3.207		2.973		0.061	0.077	0.456	0.370
  R		17.227		5.145		3.478		3.229		0.944		0.061	0.076	0.454	0.369
  L		17.379		5.345		3.390		3.344		0.950		0.061	0.076	0.452	0.368
  R		17.540		5.490		3.286		3.322		2.124		0.061	0.076	0.450	0.368
  L		17.717		5.647		3.253		3.362		0.282		0.060	0.075	0.447	0.367
  R		17.870		5.816		3.118		3.350		0.689		0.060	0.074	0.445	0.368
  L		18.037		6.032		3.080		3.496		1.540		0.060	0.073	0.443	0.368
  R		18.194		6.225		3.047		3.600		1.162		0.060	0.073	0.441	0.367
  L		18.318		6.479		2.935		3.782		2.652		0.059	0.073	0.439	0.366
  R		18.457		6.673		2.826		3.807		0.499		0.059	0.073	0.436	0.365
  L		18.591		6.838		2.748		3.802		0.479		0.058	0.072	0.434	0.364
  R		18.742		7.044		2.762		3.958		0.688		0.058	0.072	0.432	0.363
  L		18.924		7.219		2.764		3.973		2.694		0.059	0.071	0.431	0.362
  R		19.021		7.395		2.531		3.833		3.655		0.059	0.070	0.429	0.362
  L		19.115		7.671		2.409		4.031		3.061		0.058	0.070	0.427	0.361
  R		19.238		7.873		2.359		4.103		0.167		0.058	0.069	0.425	0.361
  L		19.315		8.100		2.220		4.177		1.867		0.057	0.068	0.423	0.360
  R		19.416		8.308		2.160		4.265		2.139		0.057	0.068	0.421	0.358
  L		19.500		8.468		2.052		4.186		2.727		0.056	0.067	0.419	0.358
  R		19.596		8.666		1.942		4.158		0.378		0.056	0.068	0.417	0.358
  L		19.743		8.867		1.940		4.194		3.651		0.056	0.069	0.416	0.358
  R		19.824		9.074		1.802		4.146		0.864		0.056	0.071	0.414	0.360
  L		19.946		9.322		1.769		4.273		3.383		0.057	0.073	0.414	0.360
  R		20.004		9.519		1.584		4.132		2.139		0.058	0.075	0.412	0.362
  L		20.086		9.775		1.505		4.265		1.330		0.060	0.077	0.411	0.363
  R		20.151		10.025		1.433		4.431		7.651		0.062	0.078	0.411	0.362
  L		20.200		10.313		1.301		4.594		1.619		0.063	0.078	0.410	0.361
  R		20.230		10.523		1.108		4.434		3.273		0.064	0.079	0.409	0.361
  L		20.284		10.817		0.997		4.613		2.629		0.066	0.078	0.408	0.359
  R		20.317		11.071		0.872		4.686		5.207		0.067	0.078	0.406	0.358
  L		20.348		11.320		0.750		4.735		0.112		0.069	0.077	0.405	0.356
  R		20.323		11.521		0.497		4.399		11.794		0.069	0.077	0.404	0.357
  L		20.381		11.784		0.429		4.511		4.201		0.070	0.076	0.402	0.357
  R		20.400		12.025		0.357		4.700		3.377		0.072	0.076	0.401	0.355
  L		20.384		12.335		0.172		4.872		1.930		0.073	0.075	0.400	0.353
  R		20.355		12.540		-0.016		4.583		4.303		0.074	0.074	0.398	0.352
  L		20.370		12.795		-0.113		4.643		1.369		0.075	0.074	0.396	0.351
  R		20.366		13.008		-0.215		4.549		1.891		0.076	0.073	0.395	0.350
  L		20.328		13.227		-0.356		4.522		1.112		0.077	0.072	0.393	0.349
  R		20.296		13.450		-0.481		4.521		1.395		0.078	0.072	0.392	0.349
  L		20.263		13.735		-0.632		4.644		1.617		0.079	0.072	0.390	0.347
  R		20.220		13.943		-0.751		4.496		1.081		0.080	0.071	0.389	0.346
  L		20.154		14.223		-0.934		4.604		0.944		0.080	0.070	0.387	0.344
  R		20.089		14.441		-1.068		4.531		1.641		0.081	0.070	0.385	0.343
  L		19.972		14.720		-1.314		4.627		2.390		0.080	0.069	0.383	0.341
  R		19.905		14.932		-1.421		4.577		3.047		0.080	0.069	0.381	0.340
  L		19.866		15.156		-1.482		4.526		1.401		0.079	0.068	0.379	0.338
  R		19.767		15.332		-1.584		4.129		9.229		0.079	0.067	0.378	0.338
  L		19.732		15.519		-1.612		4.036		1.865		0.080	0.068	0.376	0.339
  R		19.651		15.705		-1.705		3.956		1.069		0.081	0.069	0.375	0.340
  L		19.533		15.943		-1.891		4.008		0.549		0.081	0.070	0.373	0.340
  R		19.433		16.145		-2.011		4.008		1.533		0.082	0.071	0.372	0.340
  L		19.317		16.332		-2.130		3.929		0.511		0.082	0.073	0.370	0.339
  R		19.208		16.518		-2.226		3.830		0.254		0.083	0.075	0.369	0.339
  L		19.058		16.757		-2.432		3.885		0.701		0.083	0.077	0.367	0.338
  R		18.916		16.940		-2.554		3.691		7.859		0.083	0.079	0.365	0.338
  L		18.714		17.218		-2.876		3.840		2.658		0.082	0.078	0.364	0.337
  R		18.596		17.424		-2.939		3.864		4.677		0.081	0.078	0.362	0.335
  L		18.368		17.639		-3.219		3.851		4.301		0.081	0.077	0.361	0.333
  R		18.220		17.835		-3.294		3.813		2.239		0.080	0.077	0.360	0.332
  L		18.090		18.010		-3.312		3.682		0.867		0.080	0.076	0.359	0.330
  R		17.918		18.165		-3.401		3.509		2.019		0.079	0.076	0.357	0.329
  L		17.803		18.285		-3.337		3.285		1.044		0.078	0.077	0.356	0.327
  R		17.672		18.459		-3.353		3.211		6.617		0.078	0.078	0.354	0.326
  L		17.459		18.655		-3.561		3.212		0.580		0.077	0.078	0.352	0.324
  R		17.284		18.793		-3.622		3.068		1.677		0.076	0.078	0.350	0.323
  L		17.130		18.919		-3.623		2.908		0.241		0.076	0.080	0.349	0.322
  R		16.960		19.088		-3.684		2.859		3.246		0.075	0.081	0.347	0.320
  L		16.738		19.208		-3.817		2.734		2.701		0.075	0.082	0.345	0.319
  R		16.543		19.366		-3.918		2.674		3.221		0.074	0.083	0.344	0.318
  L		16.298		19.541		-4.132		2.665		0.723		0.073	0.083	0.342	0.316
  R		16.080		19.626		-4.202		2.467		10.006		0.073	0.084	0.341	0.314
  L		15.870		19.770		-4.284		2.391		0.686		0.072	0.085	0.339	0.313
  R		15.688		19.884		-4.206		2.261		3.728		0.072	0.086	0.337	0.311
  L		15.440		20.045		-4.386		2.248		1.180		0.071	0.085	0.336	0.310
  R		15.220		20.191		-4.442		2.199		5.952		0.071	0.084	0.334	0.309
  L		15.044		20.307		-4.394		2.083		2.255		0.070	0.084	0.333	0.307
  R		14.816		20.393		-4.454		1.946		1.857		0.070	0.083	0.331	0.306
  L		14.602		20.506		-4.493		1.860		0.769		0.069	0.082	0.329	0.304
  R		14.359		20.601		-4.604		1.757		0.948		0.069	0.081	0.328	0.303
  L		14.114		20.674		-4.673		1.621		0.549		0.068	0.080	0.326	0.302
  R		13.872		20.751		-4.755		1.499		0.215		0.068	0.080	0.325	0.301
  L		13.590		20.820		-4.895		1.377		1.302		0.069	0.079	0.324	0.299
  R		13.331		20.863		-5.034		1.207		2.369		0.071	0.078	0.324	0.298
  L		13.097		20.898		-5.006		1.034		0.292		0.073	0.077	0.323	0.296
  R		12.861		20.958		-5.000		0.914		1.816		0.074	0.077	0.323	0.295
  L		12.692		20.987		-4.819		0.751		2.303		0.074	0.076	0.321	0.293
  R		12.427		21.033		-4.927		0.638		2.551		0.074	0.075	0.320	0.292
  L		12.185		21.069		-4.936		0.515		0.113		0.074	0.074	0.318	0.291
  R		11.941		21.092		-4.980		0.377		1.078		0.075	0.074	0.317	0.289
  L		11.709		21.062		-4.925		0.175		2.128		0.075	0.073	0.315	0.288
  R		11.454		21.052		-4.967		0.012		1.210		0.075	0.073	0.314	0.287
  L		11.256		21.041		-4.841		-0.135		0.769		0.074	0.074	0.312	0.286
  R		10.989		21.008		-4.918		-0.312		4.368		0.074	0.075	0.311	0.285
  L		10.796		20.967		-4.776		-0.475		0.728		0.073	0.078	0.309	0.285
  R		10.555		20.957		-4.654		-0.561		4.832		0.073	0.080	0.309	0.285
  L		10.261		20.985		-4.797		-0.618		3.249		0.073	0.081	0.307	0.284
  R		10.027		20.963		-4.762		-0.729		0.973		0.072	0.081	0.306	0.283
  L		9.852		20.920		-4.594		-0.852		1.476		0.071	0.082	0.306	0.282
  R		9.646		20.895		-4.379		-0.901		1.807		0.071	0.083	0.307	0.281
  L		9.462		20.846		-4.276		-1.013		0.420		0.072	0.084	0.311	0.280
  R		9.255		20.799		-4.271		-1.132		1.375		0.074	0.084	0.314	0.279
  L		8.931		20.770		-4.490		-1.228		3.622		0.074	0.084	0.314	0.278
  R		8.727		20.690		-4.421		-1.368		4.116		0.074	0.085	0.314	0.277
  L		8.424		20.610		-4.568		-1.518		3.303		0.074	0.086	0.313	0.276
  R		8.198		20.531		-4.526		-1.640		0.026		0.073	0.087	0.312	0.275
  L		7.946		20.450		-4.543		-1.758		0.231		0.073	0.089	0.311	0.274
  R		7.728		20.367		-4.537		-1.893		3.214		0.072	0.090	0.309	0.274
  L		7.397		20.303		-4.725		-1.983		3.586		0.072	0.091	0.308	0.273
  R		7.169		20.207		-4.595		-2.052		0.451		0.072	0.092	0.307	0.273
  L		6.898		20.121		-4.639		-2.146		0.698		0.072	0.092	0.305	0.272
  R		6.684		20.028		-4.484		-2.188		0.827		0.073	0.092	0.304	0.271
  L		6.435		19.934		-4.489		-2.273		0.490		0.074	0.092	0.302	0.269
  R		6.230		19.839		-4.374		-2.328		3.120		0.074	0.092	0.301	0.268
  L		5.961		19.744		-4.432		-2.409		1.101		0.077	0.092	0.299	0.267
  R		5.719		19.603		-4.489		-2.590		1.344		0.080	0.091	0.298	0.266
  L		5.554		19.482		-4.302		-2.659		1.614		0.081	0.091	0.297	0.265
  R		5.353		19.336		-4.215		-2.776		1.609		0.081	0.091	0.295	0.264
  L		5.146		19.233		-4.146		-2.815		2.275		0.082	0.091	0.294	0.263
  R		4.979		19.118		-3.913		-2.784		4.608		0.081	0.090	0.293	0.261
  L		4.818		18.976		-3.780		-2.864		0.348		0.081	0.089	0.293	0.260
  R		4.605		18.825		-3.831		-3.030		1.736		0.080	0.089	0.293	0.259
  L		4.428		18.696		-3.732		-3.075		1.092		0.079	0.088	0.292	0.258
  R		4.265		18.552		-3.549		-3.071		1.020		0.079	0.087	0.293	0.256
  L		4.140		18.407		-3.378		-3.115		1.225		0.079	0.086	0.296	0.255
  R		3.934		18.236		-3.569		-3.431		7.232		0.079	0.085	0.296	0.255
  L		3.669		18.083		-3.660		-3.510		3.173		0.078	0.084	0.295	0.254
  R		3.524		17.934		-3.396		-3.408		3.604		0.078	0.083	0.295	0.253
  L		3.289		17.762		-3.450		-3.506		1.683		0.077	0.083	0.294	0.251
  R		3.098		17.580		-3.490		-3.687		2.070		0.076	0.082	0.293	0.251
  L		2.927		17.460		-3.403		-3.652		6.676		0.076	0.082	0.292	0.249
  R		2.761		17.249		-3.414		-3.886		2.131		0.075	0.081	0.291	0.249
  L		2.581		17.059		-3.351		-3.954		0.084		0.074	0.080	0.289	0.249
  R		2.436		16.894		-3.087		-3.774		2.433		0.074	0.080	0.289	0.248
  L		2.274		16.724		-3.023		-3.808		0.660		0.073	0.080	0.289	0.246
  R		2.113		16.525		-2.905		-3.799		4.691		0.073	0.080	0.290	0.245
  L		1.947		16.298		-2.870		-3.927		2.167		0.072	0.080	0.291	0.244
  R		1.811		16.121		-2.723		-3.867		0.682		0.072	0.079	0.293	0.243
  L		1.611		15.952		-2.762		-3.904		2.614		0.071	0.080	0.293	0.242
  R		1.468		15.722		-2.793		-4.168		1.797		0.071	0.079	0.293	0.241
  L		1.288		15.499		-2.789		-4.259		0.943		0.070	0.079	0.292	0.240
  R		1.145		15.307		-2.675		-4.206		1.299		0.069	0.079	0.292	0.239
  L		0.930		15.081		-2.752		-4.307		2.968		0.069	0.078	0.290	0.238
  R		0.812		14.903		-2.559		-4.143		2.632		0.069	0.079	0.290	0.237
  L		0.701		14.697		-2.456		-4.180		0.087		0.068	0.079	0.291	0.236
  R		0.577		14.456		-2.452		-4.406		1.535		0.067	0.079	0.291	0.235
  L		0.399		14.228		-2.478		-4.481		1.344		0.067	0.078	0.290	0.234
  R		0.256		13.975		-2.512		-4.739		1.825		0.067	0.078	0.289	0.236
  L		0.225		13.732		-2.249		-4.762		3.506		0.066	0.077	0.289	0.237
  R		0.109		13.489		-2.194		-4.876		0.454		0.066	0.076	0.290	0.239
  L		-0.052		13.249		-2.203		-4.927		1.249		0.066	0.076	0.290	0.241
  R		-0.159		13.035		-2.046		-4.740		1.613		0.065	0.075	0.291	0.241
  L		-0.172		12.822		-1.801		-4.701		3.604		0.068	0.074	0.295	0.240
  R		-0.276		12.597		-1.692		-4.584		2.689		0.071	0.073	0.301	0.239
  L		-0.391		12.365		-1.662		-4.630		0.450		0.074	0.073	0.307	0.238
  R		-0.494		12.157		-1.597		-4.572		3.510		0.077	0.072	0.313	0.237
  L		-0.573		11.945		-1.516		-4.569		0.464		0.082	0.071	0.319	0.236
  R		-0.680		11.715		-1.486		-4.589		2.999		0.087	0.071	0.325	0.235
  L		-0.864		11.465		-1.599		-4.681		6.008		0.088	0.070	0.328	0.234
  R		-0.937		11.245		-1.467		-4.507		2.216		0.090	0.070	0.333	0.233
  L		-1.108		11.016		-1.566		-4.564		4.891		0.091	0.069	0.336	0.233
  R		-1.192		10.771		-1.555		-4.757		1.149		0.092	0.069	0.338	0.232
  L		-1.329		10.509		-1.600		-4.838		2.148		0.091	0.068	0.339	0.231
  R		-1.422		10.247		-1.576		-4.953		1.070		0.092	0.068	0.339	0.230
  L		-1.524		10.035		-1.551		-4.916		2.643		0.092	0.067	0.340	0.229
  R		-1.599		9.813		-1.456		-4.792		0.758		0.092	0.066	0.342	0.228
  L		-1.683		9.594		-1.413		-4.775		0.891		0.093	0.066	0.344	0.227
  R		-1.792		9.341		-1.444		-4.901		3.217		0.094	0.066	0.345	0.226
  L		-1.892		9.039		-1.444		-5.033		4.038		0.094	0.065	0.346	0.226
  R		-1.960		8.826		-1.343		-4.829		2.181		0.095	0.065	0.348	0.225
  L		-2.065		8.572		-1.359		-4.882		0.806		0.095	0.064	0.349	0.223
  R		-2.183		8.318		-1.392		-4.894		4.079		0.095	0.063	0.350	0.222
  L		-2.240		8.088		-1.317		-4.877		0.262		0.096	0.063	0.351	0.221
  R		-2.291		7.886		-1.224		-4.757		5.070		0.098	0.063	0.354	0.221
  L		-2.411		7.631		-1.285		-4.830		2.083		0.098	0.062	0.355	0.219
  R		-2.541		7.405		-1.314		-4.636		7.644		0.098	0.062	0.356	0.220
  L		-2.656		7.146		-1.370		-4.720		1.618		0.098	0.062	0.356	0.220
  R		-2.720		6.917		-1.334		-4.765		1.168		0.097	0.062	0.356	0.219
  L		-2.768		6.715		-1.254		-4.696		1.340		0.098	0.063	0.358	0.219
  R		-2.810		6.509		-1.145		-4.468		2.674		0.100	0.065	0.360	0.222
  L		-2.877		6.274		-1.129		-4.508		0.148		0.102	0.068	0.363	0.225
  R		-2.995		6.024		-1.211		-4.615		5.652		0.103	0.071	0.365	0.225
  L		-3.094		5.737		-1.263		-4.757		2.861		0.104	0.072	0.366	0.225
  R		-3.191		5.497		-1.269		-4.607		3.627		0.105	0.073	0.367	0.226
  L		-3.299		5.226		-1.337		-4.725		1.905		0.105	0.073	0.367	0.225
  R		-3.375		4.981		-1.335		-4.761		0.149		0.105	0.073	0.367	0.225
  L		-3.504		4.685		-1.450		-4.937		3.742		0.104	0.073	0.366	0.224
  R		-3.611		4.435		-1.479		-4.795		3.734		0.104	0.072	0.366	0.223
  L		-3.753		4.146		-1.620		-4.962		4.174		0.103	0.071	0.364	0.222
  R		-3.843		3.905		-1.623		-4.960		1.047		0.102	0.071	0.362	0.221
  L		-3.911		3.681		-1.575		-4.895		0.356		0.101	0.070	0.361	0.220
  R		-4.003		3.490		-1.559		-4.668		4.948		0.100	0.070	0.360	0.219
  L		-4.096		3.244		-1.584		-4.715		0.214		0.099	0.070	0.359	0.219
  R		-4.221		2.977		-1.683		-4.757		2.387		0.098	0.069	0.357	0.218
  L		-4.317		2.693		-1.729		-4.893		1.206		0.097	0.069	0.356	0.217
  R		-4.411		2.438		-1.750		-4.918		0.112		0.096	0.068	0.354	0.216
  L		-4.521		2.163		-1.806		-5.020		0.777		0.095	0.068	0.352	0.216
  R		-4.632		1.923		-1.881		-4.972		5.504		0.095	0.067	0.351	0.215
  L		-4.753		1.636		-1.956		-5.104		1.357		0.094	0.068	0.349	0.216
  R		-4.881		1.369		-2.059		-5.165		1.376		0.095	0.069	0.347	0.218
  L		-4.932		1.160		-1.952		-4.982		4.700		0.095	0.070	0.346	0.218
  R		-5.025		0.955		-1.939		-4.854		1.390		0.094	0.070	0.344	0.217
  L		-5.080		0.742		-1.866		-4.735		3.095		0.093	0.069	0.343	0.216
  R		-5.185		0.418		-1.964		-5.035		5.021		0.092	0.070	0.341	0.217
  L		-5.258		0.188		-1.924		-4.953		1.240		0.091	0.071	0.340	0.217
  R		-5.368		-0.041		-1.915		-4.862		5.886		0.090	0.072	0.339	0.217
  L		-5.439		-0.265		-1.879		-4.796		1.178		0.090	0.073	0.339	0.216
  R		-5.553		-0.444		-1.940		-4.695		4.418		0.089	0.072	0.338	0.215
  L		-5.683		-0.621		-1.987		-4.553		3.344		0.088	0.072	0.338	0.214
  R		-5.796		-0.877		-2.144		-4.798		6.342		0.088	0.071	0.337	0.214
  L		-5.899		-1.152		-2.159		-4.877		0.810		0.087	0.071	0.336	0.215
  R		-5.990		-1.427		-2.156		-4.950		1.992		0.087	0.072	0.335	0.218
  L		-6.128		-1.635		-2.214		-4.855		2.044		0.086	0.072	0.334	0.219
  R		-6.264		-1.904		-2.396		-5.104		3.516		0.085	0.073	0.332	0.226
  L		-6.377		-2.155		-2.406		-5.083		0.089		0.085	0.076	0.331	0.233
  R		-6.521		-2.361		-2.428		-4.912		4.626		0.084	0.078	0.330	0.237
  L		-6.671		-2.568		-2.493		-4.814		1.684		0.083	0.079	0.328	0.239
  R		-6.820		-2.792		-2.574		-4.792		1.963		0.082	0.080	0.327	0.242
  L		-6.923		-3.050		-2.560		-4.817		0.970		0.082	0.083	0.325	0.245
  R		-7.050		-3.271		-2.543		-4.701		0.432		0.081	0.086	0.325	0.248
  L		-7.174		-3.454		-2.561		-4.574		2.171		0.081	0.087	0.324	0.248
  R		-7.321		-3.708		-2.622		-4.623		4.154		0.080	0.090	0.324	0.250
  L		-7.471		-3.839		-2.672		-4.398		6.974		0.080	0.091	0.323	0.250
  R		-7.612		-4.057		-2.759		-4.441		0.755		0.080	0.091	0.322	0.251
  L		-7.772		-4.279		-2.826		-4.423		0.643		0.079	0.092	0.321	0.252
  R		-7.921		-4.502		-2.867		-4.404		0.378		0.079	0.094	0.321	0.253
  L		-8.091		-4.734		-2.942		-4.408		1.171		0.078	0.096	0.320	0.256
  R		-8.231		-4.928		-2.848		-4.184		1.989		0.078	0.099	0.320	0.255
  L		-8.368		-5.131		-2.870		-4.151		0.089		0.078	0.101	0.321	0.256
  R		-8.512		-5.293		-2.844		-3.974		3.387		0.078	0.103	0.323	0.255
  L		-8.700		-5.489		-2.947		-3.950		2.517		0.079	0.104	0.324	0.254
  R		-8.859		-5.687		-3.014		-3.948		0.401		0.079	0.106	0.325	0.254
  L		-9.018		-5.866		-3.057		-3.887		0.245		0.080	0.108	0.327	0.253
  R		-9.154		-6.017		-3.009		-3.722		5.234		0.082	0.108	0.329	0.252
  L		-9.319		-6.119		-3.051		-3.543		4.975		0.084	0.108	0.332	0.251
  R		-9.494		-6.309		-3.177		-3.595		1.494		0.087	0.107	0.334	0.250
  L		-9.646		-6.505		-3.203		-3.591		0.199		0.090	0.107	0.336	0.250
  R		-9.860		-6.685		-3.433		-3.672		7.911		0.093	0.107	0.336	0.251
  L		-10.069		-6.853		-3.532		-3.608		1.351		0.095	0.107	0.336	0.252
  R		-10.250		-7.023		-3.605		-3.577		0.958		0.097	0.107	0.335	0.254
  L		-10.489		-7.208		-3.747		-3.547		4.340		0.097	0.108	0.334	0.256
  R		-10.686		-7.360		-3.798		-3.456		2.294		0.098	0.109	0.333	0.258
  L		-10.941		-7.526		-3.951		-3.393		4.380		0.097	0.111	0.332	0.260
  R		-11.122		-7.670		-3.881		-3.235		1.544		0.097	0.112	0.331	0.261
  L		-11.281		-7.806		-3.856		-3.143		2.729		0.099	0.113	0.330	0.262
  R		-11.469		-7.940		-3.867		-3.043		1.954		0.100	0.114	0.330	0.263
  L		-11.649		-8.037		-3.871		-2.899		3.310		0.103	0.114	0.330	0.263
  R		-11.832		-8.157		-3.784		-2.732		1.152		0.107	0.114	0.333	0.263
  L		-12.044		-8.244		-3.848		-2.599		1.553		0.110	0.113	0.334	0.262
  R		-12.272		-8.384		-4.153		-2.697		3.156		0.113	0.113	0.334	0.263
  L		-12.481		-8.462		-4.182		-2.544		2.459		0.117	0.112	0.333	0.263
  R		-12.673		-8.561		-4.050		-2.354		1.789		0.121	0.111	0.334	0.262
  L		-12.958		-8.652		-4.226		-2.241		6.156		0.123	0.110	0.333	0.261
  R		-13.204		-8.765		-4.411		-2.218		3.157		0.124	0.109	0.332	0.261
  L		-13.431		-8.809		-4.444		-2.036		3.177		0.126	0.107	0.330	0.261
  R		-13.626		-8.873		-4.240		-1.817		3.955		0.128	0.107	0.331	0.259
  L		-13.868		-8.961		-4.326		-1.736		0.942		0.130	0.106	0.331	0.258
  R		-14.125		-9.057		-4.632		-1.754		2.818		0.131	0.105	0.329	0.257
  L		-14.369		-9.149		-4.686		-1.678		0.258		0.132	0.104	0.328	0.257
  R		-14.591		-9.227		-4.603		-1.553		0.403		0.133	0.103	0.326	0.257
  L		-14.882		-9.231		-4.729		-1.340		4.073		0.133	0.102	0.325	0.256
  R		-15.140		-9.309		-4.780		-1.259		4.317		0.133	0.101	0.323	0.255
  L		-15.426		-9.401		-4.897		-1.203		4.568		0.132	0.100	0.321	0.254
  R		-15.656		-9.446		-4.702		-1.038		2.052		0.131	0.099	0.320	0.253
  L		-15.924		-9.509		-4.786		-0.959		1.814		0.130	0.098	0.318	0.253
  R		-16.165		-9.535		-4.730		-0.817		2.353		0.129	0.097	0.317	0.252
  L		-16.417		-9.525		-4.767		-0.641		1.403		0.128	0.096	0.316	0.251
  R		-16.621		-9.542		-4.662		-0.525		4.830		0.127	0.096	0.315	0.250
  L		-16.912		-9.520		-4.776		-0.337		2.847		0.126	0.095	0.313	0.248
  R		-17.171		-9.569		-4.926		-0.298		7.195		0.124	0.095	0.312	0.247
  L		-17.443		-9.573		-4.979		-0.171		0.574		0.123	0.094	0.310	0.246
  R		-17.695		-9.573		-4.894		-0.046		1.786		0.122	0.093	0.309	0.245
  L		-17.954		-9.534		-4.919		0.127		0.769		0.121	0.093	0.307	0.244
  R		-18.188		-9.515		-4.798		0.251		0.723		0.120	0.093	0.306	0.243
  L		-18.391		-9.535		-4.724		0.286		1.137		0.118	0.093	0.305	0.242
  R		-18.629		-9.521		-4.832		0.384		1.772		0.117	0.092	0.303	0.241
  L		-18.886		-9.498		-4.853		0.496		0.269		0.116	0.091	0.302	0.240
  R		-19.116		-9.460		-4.878		0.613		3.920		0.115	0.091	0.300	0.240
  L		-19.367		-9.348		-4.875		0.853		3.826		0.114	0.091	0.299	0.239
  R		-19.591		-9.289		-4.700		0.965		1.379		0.113	0.092	0.297	0.237
  L		-19.851		-9.165		-4.723		1.206		2.499		0.112	0.095	0.296	0.236
  R		-20.085		-9.076		-4.676		1.361		5.466		0.110	0.099	0.294	0.235
  L		-20.251		-9.168		-4.507		1.170		11.896		0.110	0.099	0.293	0.235
  R		-20.494		-9.120		-4.592		1.271		1.679		0.109	0.098	0.292	0.235
  L		-20.719		-9.021		-4.558		1.424		0.818		0.108	0.098	0.290	0.235
  R		-20.963		-8.942		-4.532		1.537		2.570		0.107	0.097	0.289	0.234
  L		-21.157		-8.870		-4.436		1.610		1.042		0.106	0.096	0.287	0.235
  R		-21.390		-8.786		-4.388		1.707		1.955		0.105	0.095	0.286	0.235
  L		-21.578		-8.752		-4.285		1.699		1.279		0.105	0.094	0.285	0.237
  R		-21.758		-8.645		-4.014		1.754		5.546		0.105	0.094	0.284	0.240
  L		-21.960		-8.558		-3.979		1.841		0.028		0.106	0.093	0.284	0.244
  R		-22.173		-8.449		-4.076		2.000		2.371		0.106	0.093	0.283	0.246
  L		-22.414		-8.335		-4.104		2.133		1.576		0.106	0.093	0.281	0.249
  R		-22.600		-8.232		-3.977		2.187		0.735		0.106	0.093	0.280	0.252
  L		-22.861		-7.985		-4.054		2.558		7.270		0.105	0.092	0.279	0.251
  R		-23.041		-7.863		-3.781		2.548		3.938		0.104	0.091	0.277	0.252
  L		-23.285		-7.670		-3.825		2.797		2.913		0.103	0.091	0.276	0.251
  R		-23.486		-7.518		-3.858		2.960		1.252		0.102	0.090	0.275	0.250
  L		-23.653		-7.375		-3.738		3.025		0.685		0.101	0.089	0.274	0.249
  R		-23.845		-7.211		-3.686		3.149		0.840		0.100	0.088	0.273	0.248
  L		-23.998		-7.120		-3.543		3.081		1.557		0.099	0.087	0.272	0.249
  R		-24.164		-6.950		-3.405		3.157		2.197		0.098	0.087	0.271	0.249
  L		-24.341		-6.685		-3.355		3.459		4.222		0.097	0.086	0.270	0.248
  R		-24.503		-6.523		-3.178		3.461		3.649		0.096	0.085	0.268	0.247
  L		-24.592		-6.399		-2.963		3.386		4.799		0.096	0.085	0.267	0.248
  R		-24.728		-6.224		-2.850		3.453		0.397		0.096	0.084	0.266	0.249
  L		-24.924		-5.990		-2.861		3.694		3.151		0.095	0.083	0.265	0.249
  R		-25.054		-5.792		-2.742		3.783		2.044		0.094	0.083	0.263	0.248
  L		-25.186		-5.615		-2.637		3.823		0.057		0.093	0.082	0.262	0.248
  R		-25.339		-5.419		-2.623		3.960		1.004		0.092	0.081	0.261	0.247
  L		-25.492		-5.174		-2.564		4.146		0.737		0.091	0.081	0.260	0.246
  R		-25.620		-4.987		-2.518		4.216		6.170		0.090	0.080	0.260	0.244
  L		-25.728		-4.821		-2.379		4.163		0.507		0.090	0.080	0.260	0.244
  R		-25.850		-4.606		-2.309		4.263		0.278		0.089	0.080	0.260	0.242
  L		-25.968		-4.348		-2.212		4.425		0.459		0.088	0.079	0.260	0.241
  R		-26.078		-4.136		-2.015		4.368		10.917		0.088	0.078	0.260	0.240
  L		-26.178		-3.832		-1.908		4.621		1.790		0.088	0.078	0.259	0.239
  R		-26.253		-3.608		-1.682		4.562		3.992		0.088	0.077	0.258	0.238
  L		-26.286		-3.345		-1.484		4.661		4.877		0.087	0.077	0.257	0.237
  R		-26.335		-3.109		-1.280		4.649		1.227		0.087	0.077	0.256	0.236
  L		-26.361		-2.886		-1.097		4.640		1.844		0.086	0.077	0.255	0.235
  R		-26.415		-2.666		-0.961		4.633		1.197		0.085	0.076	0.254	0.234
  L		-26.482		-2.544		-0.864		4.390		4.467		0.084	0.076	0.252	0.235
  R		-26.534		-2.313		-0.766		4.458		0.839		0.083	0.076	0.251	0.235
  L		-26.582		-2.119		-0.659		4.406		0.590		0.082	0.077	0.250	0.237
  R		-26.610		-1.889		-0.550		4.461		2.050		0.082	0.078	0.249	0.238
  L		-26.613		-1.617		-0.392		4.592		1.584		0.081	0.078	0.247	0.238
  R		-26.612		-1.400		-0.221		4.550		1.776		0.080	0.079	0.246	0.238
  L		-26.617		-1.161		-0.085		4.584		0.040		0.079	0.080	0.245	0.238
  R		-26.643		-0.945		0.008		4.559		4.844		0.079	0.082	0.244	0.239
  L		-26.655		-0.667		0.127		4.693		0.734		0.078	0.082	0.243	0.238
  R		-26.644		-0.421		0.286		4.726		2.407		0.077	0.082	0.242	0.237
  L		-26.602		-0.087		0.486		4.967		2.725		0.076	0.082	0.241	0.236
  R		-26.582		0.163		0.632		4.966		2.758		0.076	0.081	0.240	0.236
  L		-26.557		0.477		0.785		5.123		0.930		0.075	0.081	0.240	0.236
  R		-26.540		0.722		0.865		5.058		1.706		0.074	0.081	0.239	0.237
  L		-26.528		1.007		0.967		5.121		2.317		0.073	0.082	0.238	0.238
  R		-26.486		1.281		1.054		5.105		7.285		0.073	0.084	0.237	0.239
  L		-26.427		1.490		1.178		4.958		0.381		0.072	0.085	0.236	0.239
  R		-26.388		1.691		1.230		4.774		9.154		0.072	0.086	0.235	0.238
  L		-26.332		1.874		1.321		4.599		0.532		0.071	0.085	0.234	0.237
  R		-26.266		2.098		1.435		4.548		0.167		0.071	0.084	0.232	0.236
  L		-26.204		2.268		1.509		4.364		0.633		0.070	0.084	0.231	0.236
  R		-26.142		2.471		1.557		4.237		1.264		0.071	0.083	0.231	0.238
  L		-26.057		2.731		1.697		4.316		0.424		0.071	0.082	0.230	0.237
  R		-25.968		2.954		1.856		4.339		2.293		0.071	0.081	0.228	0.237
  L		-25.857		3.267		2.045		4.530		1.735		0.071	0.081	0.227	0.236
  R		-25.774		3.495		2.115		4.465		2.348		0.072	0.081	0.226	0.235
  L		-25.670		3.686		2.207		4.333		0.182		0.072	0.080	0.225	0.233
  R		-25.556		3.887		2.308		4.239		1.032		0.073	0.080	0.224	0.232
  L		-25.493		4.046		2.303		4.046		3.745		0.075	0.079	0.223	0.232
  R		-25.373		4.238		2.402		3.963		0.488		0.078	0.079	0.223	0.232
  L		-25.209		4.481		2.597		4.017		2.108		0.079	0.078	0.222	0.232
  R		-25.061		4.665		2.657		3.862		8.915		0.080	0.077	0.221	0.232
  L		-24.943		4.860		2.732		3.798		0.490		0.081	0.077	0.220	0.232
  R		-24.789		5.046		2.836		3.711		2.229		0.082	0.076	0.219	0.232
  L		-24.615		5.281		3.014		3.759		1.088		0.082	0.076	0.218	0.231
  R		-24.444		5.470		3.199		3.739		0.691		0.082	0.075	0.217	0.230
  L		-24.256		5.650		3.335		3.649		1.107		0.081	0.074	0.216	0.230
  R		-24.092		5.816		3.454		3.559		3.199		0.081	0.074	0.216	0.229
  L		-23.920		5.975		3.531		3.432		0.068		0.080	0.074	0.215	0.229
  R		-23.780		6.132		3.363		3.173		4.360		0.080	0.075	0.214	0.231
  L		-23.616		6.287		3.432		3.081		0.051		0.080	0.076	0.214	0.234
  R		-23.473		6.434		3.383		2.925		1.639		0.081	0.078	0.214	0.238
  L		-23.232		6.688		3.647		3.074		5.081		0.080	0.078	0.212	0.239
  R		-23.044		6.816		3.664		2.906		5.365		0.080	0.079	0.212	0.240
  L		-22.823		7.003		3.825		2.908		1.162		0.079	0.079	0.211	0.241
  R		-22.614		7.140		3.951		2.822		1.304		0.078	0.079	0.210	0.242
  L		-22.429		7.284		3.996		2.729		0.382		0.078	0.080	0.209	0.243
  R		-22.194		7.433		4.271		2.735		1.964		0.077	0.081	0.209	0.243
  L		-22.010		7.591		4.294		2.670		2.352		0.076	0.082	0.209	0.243
  R		-21.831		7.742		4.136		2.518		6.345		0.075	0.082	0.208	0.244
  L		-21.622		7.886		4.207		2.459		0.205		0.075	0.082	0.207	0.245
  R		-21.440		8.002		4.143		2.316		1.799		0.074	0.083	0.206	0.247
  L		-21.224		8.042		4.167		2.088		3.539		0.074	0.087	0.206	0.251
  R		-21.045		8.156		3.966		1.924		5.944		0.074	0.092	0.208	0.257
  L		-20.866		8.310		4.005		1.926		4.005		0.075	0.095	0.211	0.261
  R		-20.623		8.427		4.249		1.924		4.746		0.076	0.098	0.211	0.264
  L		-20.359		8.582		4.417		1.944		2.127		0.075	0.100	0.210	0.266
  R		-20.177		8.679		4.202		1.783		2.299		0.076	0.102	0.211	0.268
  L		-19.977		8.787		4.228		1.725		0.734		0.077	0.104	0.213	0.270
  R		-19.797		8.867		4.061		1.579		1.327		0.081	0.107	0.219	0.274
  L		-19.571		8.958		4.143		1.521		0.411		0.084	0.110	0.223	0.277
  R		-19.334		9.056		4.283		1.491		5.136		0.087	0.113	0.226	0.279
  L		-19.028		9.177		4.513		1.502		6.881		0.087	0.116	0.226	0.280
  R		-18.822		9.246		4.483		1.395		1.568		0.089	0.118	0.226	0.282
  L		-18.551		9.367		4.623		1.404		1.679		0.089	0.120	0.226	0.283
  R		-18.282		9.416		4.867		1.312		4.203		0.089	0.123	0.225	0.283
  L		-17.966		9.564		5.069		1.377		4.016		0.088	0.123	0.225	0.283
  R		-17.730		9.643		4.861		1.269		3.833		0.087	0.124	0.223	0.283
  L		-17.444		9.762		4.992		1.289		1.572		0.086	0.124	0.223	0.282
  R		-17.201		9.835		4.976		1.213		0.666		0.086	0.123	0.222	0.281
  L		-16.919		9.966		5.091		1.259		2.091		0.085	0.122	0.221	0.280
  R		-16.669		10.030		5.061		1.173		0.136		0.085	0.121	0.220	0.278
  L		-16.419		10.138		5.093		1.178		2.126		0.085	0.120	0.219	0.277
  R		-16.165		10.205		5.110		1.114		0.628		0.085	0.119	0.219	0.276
  L		-15.936		10.232		5.060		0.979		0.458		0.084	0.118	0.218	0.274
  R		-15.698		10.285		4.971		0.899		0.441		0.084	0.116	0.217	0.273
  L		-15.487		10.283		4.888		0.738		1.008		0.083	0.116	0.216	0.273
  R		-15.175		10.329		5.229		0.693		7.615		0.082	0.115	0.216	0.273
  L		-14.910		10.388		5.258		0.650		0.444		0.082	0.114	0.215	0.272
  R		-14.683		10.404		4.950		0.533		6.195		0.082	0.114	0.215	0.272
  L		-14.446		10.380		4.917		0.374		1.503		0.081	0.114	0.214	0.274
  R		-14.189		10.400		4.947		0.296		0.565		0.080	0.116	0.214	0.275
  L		-13.870		10.549		5.142		0.440		9.475		0.081	0.115	0.213	0.275
  R		-13.635		10.586		4.920		0.390		2.279		0.081	0.114	0.213	0.275
  L		-13.385		10.595		4.929		0.304		0.143		0.080	0.113	0.213	0.274
  R		-13.128		10.613		4.975		0.241		0.334		0.080	0.112	0.212	0.275
  L		-12.869		10.707		5.027		0.303		5.520		0.080	0.111	0.211	0.274
  R		-12.617		10.742		4.959		0.274		1.993		0.080	0.110	0.211	0.273
  L		-12.381		10.721		4.926		0.155		0.724		0.079	0.109	0.211	0.273
  R		-12.143		10.739		4.819		0.113		0.823		0.079	0.108	0.213	0.273
  L		-11.888		10.809		4.868		0.152		3.435		0.078	0.107	0.214	0.272
  R		-11.620		10.822		4.903		0.108		3.024		0.077	0.106	0.215	0.271
  L		-11.386		10.845		4.887		0.077		0.736		0.076	0.105	0.216	0.271
  R		-11.098		10.812		5.311		-0.071		7.219		0.076	0.104	0.215	0.271
  L		-10.784		10.798		5.411		-0.151		2.526		0.076	0.103	0.215	0.272
  R		-10.530		10.796		5.307		-0.199		0.448		0.076	0.103	0.214	0.274
  L		-10.296		10.792		5.240		-0.256		1.112		0.076	0.102	0.213	0.275
  R		-10.075		10.820		4.851		-0.212		6.653		0.075	0.101	0.215	0.276
  L		-9.811		10.870		4.915		-0.172		3.049		0.075	0.100	0.216	0.276
  R		-9.598		10.842		4.816		-0.254		3.353		0.074	0.100	0.218	0.277
  L		-9.328		10.874		4.889		-0.236		1.525		0.073	0.099	0.219	0.278
  R		-9.099		10.845		4.795		-0.303		2.158		0.073	0.098	0.221	0.279
  L		-8.823		10.883		4.886		-0.270		2.124		0.072	0.097	0.222	0.279
  R		-8.597		10.836		4.810		-0.363		5.574		0.072	0.097	0.225	0.281
  L		-8.440		10.767		4.605		-0.488		2.886		0.075	0.097	0.231	0.284
  R		-8.207		10.764		4.532		-0.491		1.752		0.079	0.099	0.240	0.287
  L		-7.837		10.819		4.864		-0.413		8.620		0.079	0.098	0.241	0.289
  R		-7.594		10.807		4.731		-0.413		2.524		0.079	0.098	0.244	0.290
  L		-7.299		10.805		4.863		-0.421		1.294		0.079	0.098	0.245	0.292
  R		-7.100		10.814		4.563		-0.374		4.389		0.080	0.098	0.252	0.293
